EXP000001,AWRI1,350,350,,4.18,4.18,,VVVMD2,410,410,,1.17,1.17,,YAG3,361,380,,3.17,5.08,,VRZAG62,323,331,,1.09,1.25,,YAG1,363,363,,3.82,3.82,,AWRI4,,,,,,
EXP000002,AWRI1,352,352,,5.13,5.13,,VVVMD2,404,411,,1.63,1.85,,YAG3,361,378,,3.18,3.81,,VRZAG62,320,328,,1.92,2.29,,YAG1,367,367,,2.06,2.06,,AWRI4,426,443,,2.94,3.72,
EXP000003,AWRI1,353,353,,6.15,6.15,,VVVMD2,408,408,,0.79,0.79,,YAG3,358,379,,6.42,22.81,,VRZAG62,325,327,318,1.86,2.27,1.80,YAG1,362,368,380,3.38,2.46,1.26,AWRI4,432,448,,0.38,0.65,
EXP000004,AWRI1,,,,,,,VVVMD2,408,408,,0.45,0.45,,YAG3,362,379,,9.81,13.27,,VRZAG62,321,329,,1.27,1.56,,YAG1,366,366,,1.20,1.20,,AWRI4,425,440,423,1.24,2.29,0.67
EXP000005,AWRI1,,,,,,,VVVMD2,407,407,,0.16,0.16,,YAG3,363,380,,7.11,7.35,,VRZAG62,320,328,,1.22,1.15,,YAG1,370,370,,1.33,1.33,,AWRI4,426,441,,1.02,1.76,
EXP000006,AWRI1,,,,,,,VVVMD2,409,409,,0.22,0.22,,YAG3,361,378,,5.92,7.73,,VRZAG62,320,327,,1.20,1.43,,YAG1,369,369,,1.69,1.69,,AWRI4,430,445,,0.18,0.42,
EXP000007,AWRI1,,,,,,,VVVMD2,405,411,,1.40,1.36,,YAG3,360,379,,3.39,12.55,,VRZAG62,317,325,,1.37,1.78,,YAG1,363,369,380,2.60,1.60,0.96,AWRI4,431,446,,0.25,0.52,
EXP000008,AWRI1,,,,,,,VVVMD2,408,408,,0.04,0.04,,YAG3,383,385,366,1.29,1.17,0.94,VRZAG62,322,329,330,0.21,0.12,0.09,YAG1,372,372,,0.70,0.70,,AWRI4,424,440,,1.29,1.73,
EXP000009,AWRI1,,,,,,,VVVMD2,408,408,,0.34,0.34,,YAG3,362,379,,1.53,1.55,,VRZAG62,321,329,,1.05,1.11,,YAG1,368,368,,2.88,2.88,,AWRI4,430,444,,0.01,0.03,
EXP000010,AWRI1,,,,,,,VVVMD2,408,408,,0.48,0.48,,YAG3,364,381,,6.35,6.83,,VRZAG62,318,327,,1.38,1.29,,YAG1,363,363,,2.91,2.91,,AWRI4,422,438,,1.20,1.34,
EXP000011,AWRI1,,,,,,,VVVMD2,410,410,,0.35,0.35,,YAG3,362,379,377,0.29,0.17,0.11,VRZAG62,321,330,329,1.60,1.06,0.83,YAG1,373,373,,1.94,1.94,,AWRI4,434,450,,0.35,0.85,
EXP000012,AWRI1,,,,,,,VVVMD2,,,,,,,YAG3,364,380,,4.26,6.56,,VRZAG62,326,334,,0.50,0.55,,YAG1,375,375,,0.80,0.80,,AWRI4,431,447,,0.87,1.69,
EXP000013,AWRI1,,,,,,,VVVMD2,404,411,,1.75,1.82,,YAG3,361,378,,7.39,12.57,,VRZAG62,324,332,,1.27,1.46,,YAG1,368,368,,2.65,2.65,,AWRI4,435,450,,0.39,0.82,
EXP000014,AWRI1,,,,,,,VVVMD2,411,411,,0.33,0.33,,YAG3,356,374,,8.63,10.16,,VRZAG62,326,334,,0.35,0.40,,YAG1,375,375,,0.30,0.30,,AWRI4,427,444,,3.00,4.79,
EXP000015,AWRI1,,,,,,,VVVMD2,410,410,,0.16,0.16,,YAG3,367,384,,2.06,2.43,,VRZAG62,326,334,,0.19,0.22,,YAG1,372,372,,0.81,0.81,,AWRI4,434,449,,0.24,0.55,
EXP000016,AWRI1,,,,,,,VVVMD2,410,410,,0.15,0.15,,YAG3,361,379,,7.61,8.51,,VRZAG62,321,329,,0.73,0.73,,YAG1,373,373,,0.32,0.32,,AWRI4,422,437,,0.13,0.13,
EXP000017,AWRI1,320,354,,3.72,3.55,,VVVMD2,400,400,,2.13,2.13,,YAG3,350,370,,11.95,12.91,,VRZAG62,317,317,,3.22,3.22,,YAG1,355,355,,3.78,3.78,,AWRI4,433,447,,0.21,0.67,
EXP000018,AWRI1,328,328,,1.31,1.31,,VVVMD2,403,403,,0.43,0.43,,YAG3,352,371,,0.24,0.32,,VRZAG62,322,322,,0.99,0.99,,YAG1,362,362,,2.09,2.09,,AWRI4,432,432,,0.41,0.41,
EXP000019,AWRI1,,,,,,,VVVMD2,,,,,,,YAG3,366,380,,8.11,4.02,,VRZAG62,323,326,319,1.47,1.45,1.14,YAG1,349,386,370,2.75,4.38,2.70,AWRI4,,,,,,
EXP000020,AWRI1,,,,,,,VVVMD2,,,,,,,YAG3,366,366,,3.10,3.10,,VRZAG62,318,324,322,1.64,2.17,1.59,YAG1,347,376,,3.35,2.65,,AWRI4,431,447,,0.81,1.13,
EXP000021,AWRI1,329,329,,1.43,1.43,,VVVMD2,398,398,,0.26,0.26,,YAG3,352,357,,6.46,5.77,,VRZAG62,317,334,,1.98,1.71,,YAG1,359,378,390,0.78,1.42,0.52,AWRI4,421,438,,1.60,1.84,
EXP000022,AWRI1,319,319,,0.69,0.69,,VVVMD2,,,,,,,YAG3,354,363,,7.81,10.38,,VRZAG62,306,325,,2.11,1.75,,YAG1,353,375,336,4.65,4.75,2.55,AWRI4,429,445,,0.89,1.46,
EXP000023,AWRI1,336,342,,2.19,1.79,,VVVMD2,406,406,,0.37,0.37,,YAG3,363,370,379,7.11,4.53,3.51,VRZAG62,326,330,,1.68,1.29,,YAG1,362,381,,1.34,3.57,,AWRI4,436,455,,0.42,0.47,
EXP000024,AWRI1,332,338,325,2.52,2.06,1.38,VVVMD2,,,,,,,YAG3,344,380,,5.55,6.59,,VRZAG62,318,334,339,2.06,2.55,1.92,YAG1,358,381,394,2.47,3.81,2.19,AWRI4,433,450,,0.88,1.49,
EXP000025,AWRI1,354,354,,0.27,0.27,,VVVMD2,403,409,,0.96,2.25,,YAG3,370,370,,6.91,6.91,,VRZAG62,322,328,,1.20,1.20,,YAG1,375,375,,5.09,5.09,,AWRI4,453,486,442,0.37,0.27,0.22
EXP000026,AWRI1,353,353,,0.26,0.26,,VVVMD2,411,411,,0.29,0.29,,YAG3,356,356,,25.11,25.11,,VRZAG62,315,323,,5.84,7.30,,YAG1,375,375,,6.65,6.65,,AWRI4,427,446,,4.22,5.51,
EXP000027,AWRI1,354,354,,0.13,0.13,,VVVMD2,403,410,,0.35,0.71,,YAG3,374,379,390,9.65,9.27,4.94,VRZAG62,318,325,,1.44,3.86,,YAG1,370,370,,6.50,6.50,,AWRI4,422,442,,1.17,2.39,
EXP000028,AWRI1,,,,,,,VVVMD2,,,,,,,YAG3,368,373,385,11.05,11.07,5.65,VRZAG62,325,336,,3.46,3.76,,YAG1,359,371,,3.17,4.46,,AWRI4,419,438,425,1.62,2.86,1.17
EXP000029,AWRI1,,,,,,,VVVMD2,,,,,,,YAG3,378,378,,5.96,5.96,,VRZAG62,322,333,,3.61,4.04,,YAG1,355,367,,6.42,10.26,,AWRI4,424,441,,1.80,1.90,
EXP000030,AWRI1,,,,,,,VVVMD2,409,409,,2.53,2.53,,YAG3,359,359,,3.92,3.92,,VRZAG62,321,332,,3.15,3.89,,YAG1,353,364,,2.85,9.26,,AWRI4,425,442,,1.34,1.39,
EXP000031,AWRI1,,,,,,,VVVMD2,400,400,,5.58,5.58,,YAG3,362,362,,9.11,9.11,,VRZAG62,322,332,338,1.55,2.18,1.49,YAG1,361,383,,2.58,5.83,,AWRI4,428,443,426,0.59,1.16,0.37
EXP000032,AWRI1,,,,,,,VVVMD2,401,401,,7.26,7.26,,YAG3,359,359,,11.82,11.82,,VRZAG62,325,336,,2.61,3.29,,YAG1,358,370,,2.98,4.31,,AWRI4,428,444,,0.85,1.01,
EXP000033,AWRI1,,,,,,,VVVMD2,393,409,399,2.94,3.89,1.84,YAG3,358,358,,10.03,10.03,,VRZAG62,317,327,,1.53,3.77,,YAG1,341,376,387,1.92,2.72,1.88,AWRI4,425,439,421,0.83,1.65,0.72
EXP000034,AWRI1,,,,,,,VVVMD2,390,390,,6.54,6.54,,YAG3,361,361,,14.38,14.38,,VRZAG62,316,326,,2.01,5.21,,YAG1,340,376,387,2.66,2.97,2.10,AWRI4,407,423,430,0.13,0.10,0.10
EXP000035,AWRI1,354,354,,3.19,3.19,,VVVMD2,396,402,,2.31,1.46,,YAG3,362,362,,6.24,6.24,,VRZAG62,317,330,,4.45,0.93,,YAG1,379,389,340,2.63,1.93,1.55,AWRI4,406,429,422,0.43,0.34,0.29
EXP000036,AWRI1,354,354,,3.29,3.29,,VVVMD2,400,405,,1.84,2.00,,YAG3,357,357,,7.95,7.95,,VRZAG62,320,329,,2.86,4.08,,YAG1,350,385,,0.80,0.72,,AWRI4,408,424,431,0.12,0.09,0.09
EXP000037,AWRI1,354,354,,3.18,3.18,,VVVMD2,400,402,,1.18,1.84,,YAG3,362,362,,10.79,10.79,,VRZAG62,321,330,,1.48,3.63,,YAG1,345,379,392,1.84,3.36,1.57,AWRI4,408,431,424,0.04,0.04,0.03
EXP000038,AWRI1,320,327,,5.21,3.84,,VVVMD2,386,386,,13.13,13.13,,YAG3,349,349,,32.39,32.39,,VRZAG62,319,332,,3.47,4.94,,YAG1,,,,,,,AWRI4,325,474,344,0.03,0.04,0.02
EXP000039,AWRI1,,,,,,,VVVMD2,391,399,,2.69,3.00,,YAG3,354,362,375,10.53,6.82,4.24,VRZAG62,324,338,,0.89,1.01,,YAG1,344,379,,1.09,0.97,,AWRI4,417,417,,3.85,3.85,
EXP000040,AWRI1,,,,,,,VVVMD2,390,399,397,1.29,1.59,1.16,YAG3,356,356,,17.62,17.62,,VRZAG62,321,334,,0.76,0.72,,YAG1,343,379,,1.77,1.15,,AWRI4,399,440,406,0.02,0.03,0.02
EXP000041,AWRI1,353,353,,4.06,4.06,,VVVMD2,389,389,,2.52,2.52,,YAG3,360,367,,10.72,13.50,,VRZAG62,324,330,313,6.00,4.63,4.00,YAG1,339,356,374,7.96,5.96,5.49,AWRI4,400,440,407,0.02,0.02,0.01
EXP000042,AWRI1,,,,,,,VVVMD2,395,395,,1.28,1.28,,YAG3,358,358,,24.89,24.89,,VRZAG62,321,335,332,4.55,3.83,2.47,YAG1,345,363,378,3.79,4.45,1.92,AWRI4,434,434,,0.54,0.54,
EXP000043,AWRI1,351,351,,5.19,5.19,,VVVMD2,392,392,,1.49,1.49,,YAG3,358,364,376,3.57,4.86,1.90,VRZAG62,325,328,321,1.35,1.47,1.11,YAG1,345,371,382,0.32,0.21,0.15,AWRI4,422,431,446,0.64,0.70,0.35
EXP000044,AWRI1,,,,,,,VVVMD2,395,395,,0.62,0.62,,YAG3,375,375,,10.92,10.92,,VRZAG62,327,338,,0.80,0.76,,YAG1,369,371,353,2.11,2.52,2.09,AWRI4,418,430,398,1.43,0.96,0.49
EXP000045,AWRI1,,,,,,,VVVMD2,392,392,,2.57,2.57,,YAG3,360,360,,5.11,5.11,,VRZAG62,313,325,329,2.86,4.39,1.70,YAG1,363,375,353,3.16,2.08,2.00,AWRI4,428,438,450,0.09,0.15,0.07
EXP000046,AWRI1,,,,,,,VVVMD2,394,394,,1.12,1.12,,YAG3,360,360,,9.96,9.96,,VRZAG62,319,326,,2.89,3.38,,YAG1,339,365,377,3.22,2.36,1.33,AWRI4,424,437,,0.43,0.37,
EXP000047,AWRI1,328,335,,2.27,1.24,,VVVMD2,393,393,,0.37,0.37,,YAG3,362,367,378,4.55,4.18,2.62,VRZAG62,328,331,315,1.20,1.81,1.13,YAG1,365,365,,1.43,1.43,,AWRI4,428,441,453,0.35,0.38,0.20
EXP000048,AWRI1,324,326,,1.08,1.67,,VVVMD2,410,410,,1.34,1.34,,YAG3,355,364,376,8.29,9.17,4.48,VRZAG62,325,327,,1.68,1.99,,YAG1,368,380,357,2.33,3.90,2.08,AWRI4,436,447,406,0.03,0.05,0.02
EXP000049,AWRI1,335,335,,0.35,0.35,,VVVMD2,396,396,,0.03,0.03,,YAG3,357,357,,9.87,9.87,,VRZAG62,316,331,,1.32,1.51,,YAG1,366,376,,0.44,0.39,,AWRI4,434,434,,0.54,0.54,
EXP000050,AWRI1,330,330,,1.47,1.47,,VVVMD2,391,391,,0.30,0.30,,YAG3,360,360,,13.93,13.93,,VRZAG62,313,331,,0.81,0.80,,YAG1,,,,,,,AWRI4,,,,,,
EXP000051,AWRI1,,,,,,,VVVMD2,385,412,391,4.14,4.69,2.84,YAG3,359,359,,11.48,11.48,,VRZAG62,321,326,,2.89,2.20,,YAG1,369,390,343,6.03,3.32,2.97,AWRI4,428,444,,1.05,1.71,
EXP000052,AWRI1,,,,,,,VVVMD2,383,409,,4.84,6.62,,YAG3,364,364,,15.83,15.83,,VRZAG62,319,319,,4.85,4.85,,YAG1,382,394,349,2.59,1.66,1.22,AWRI4,420,433,400,0.98,0.63,0.35
EXP000053,AWRI1,,,,,,,VVVMD2,384,388,,2.82,4.06,,YAG3,360,366,,13.02,14.84,,VRZAG62,318,322,,3.95,4.40,,YAG1,345,373,,5.22,4.87,,AWRI4,416,428,397,1.99,1.48,0.74
EXP000054,AWRI1,352,352,,0.27,0.27,,VVVMD2,389,402,,9.10,3.91,,YAG3,359,359,,13.48,13.48,,VRZAG62,314,325,,4.10,6.47,,YAG1,374,374,,4.78,4.78,,AWRI4,422,434,446,0.30,0.19,0.11
EXP000055,AWRI1,353,353,,0.22,0.22,,VVVMD2,393,406,,3.89,9.41,,YAG3,364,364,,7.37,7.37,,VRZAG62,325,327,321,1.44,1.45,1.14,YAG1,376,376,,4.48,4.48,,AWRI4,427,444,,0.84,0.96,
EXP000056,AWRI1,354,354,,0.71,0.71,,VVVMD2,379,379,,0.06,0.06,,YAG3,361,367,,8.61,7.42,,VRZAG62,315,322,,1.13,4.12,,YAG1,371,382,392,5.51,3.22,2.38,AWRI4,428,445,,0.79,0.90,
EXP000057,AWRI1,351,351,,0.33,0.33,,VVVMD2,396,409,403,3.10,2.51,1.59,YAG3,361,376,,10.80,4.71,,VRZAG62,316,322,,1.55,2.06,,YAG1,371,381,390,4.42,2.72,1.69,AWRI4,426,442,423,0.88,1.32,0.57
EXP000058,AWRI1,351,351,,0.23,0.23,,VVVMD2,396,410,,6.04,2.29,,YAG3,364,364,,10.25,10.25,,VRZAG62,317,324,,1.30,3.88,,YAG1,372,372,,5.96,5.96,,AWRI4,427,443,426,1.13,1.99,0.62
EXP000059,AWRI1,350,350,,5.75,5.75,,VVVMD2,396,396,,1.77,1.77,,YAG3,366,368,381,3.07,3.63,2.63,VRZAG62,328,331,322,1.29,1.23,0.98,YAG1,376,395,386,3.16,1.76,1.51,AWRI4,431,442,,0.49,1.83,
EXP000060,AWRI1,349,349,,1.76,1.76,,VVVMD2,404,409,,2.41,1.79,,YAG3,366,366,,8.98,8.98,,VRZAG62,324,331,,2.33,2.87,,YAG1,378,387,,4.32,2.50,,AWRI4,429,446,,0.54,1.77,
EXP000061,AWRI1,352,352,,0.67,0.67,,VVVMD2,398,412,,2.98,6.85,,YAG3,366,366,,3.81,3.81,,VRZAG62,318,330,,2.88,4.21,,YAG1,376,387,397,4.42,2.35,1.54,AWRI4,432,448,,0.55,0.92,
EXP000062,AWRI1,344,350,,2.12,7.04,,VVVMD2,384,396,,9.43,5.53,,YAG3,357,371,,10.52,18.13,,VRZAG62,313,321,,6.10,7.27,,YAG1,346,346,,3.45,3.45,,AWRI4,434,450,,0.60,1.00,
EXP000063,AWRI1,347,354,,2.20,4.10,,VVVMD2,397,399,,1.72,3.18,,YAG3,358,362,,6.20,6.53,,VRZAG62,319,326,,1.36,3.77,,YAG1,344,352,,1.24,1.32,,AWRI4,425,443,,0.65,1.96,
EXP000064,AWRI1,346,346,,1.45,1.45,,VVVMD2,391,400,,1.26,3.67,,YAG3,361,361,,3.39,3.39,,VRZAG62,318,325,,1.50,4.42,,YAG1,340,349,,2.73,2.74,,AWRI4,425,443,,1.72,1.66,
EXP000065,AWRI1,352,352,,4.90,4.90,,VVVMD2,391,391,,9.21,9.21,,YAG3,367,378,,1.95,3.10,,VRZAG62,323,323,,3.09,3.09,,YAG1,354,354,,8.47,8.47,,AWRI4,419,437,,3.16,2.98,
EXP000066,AWRI1,336,336,,1.81,1.81,,VVVMD2,401,401,,3.86,3.86,,YAG3,364,375,,10.81,15.41,,VRZAG62,317,323,,2.74,2.91,,YAG1,366,393,,0.45,0.43,,AWRI4,427,443,,1.20,1.64,
EXP000067,AWRI1,350,350,,3.28,3.28,,VVVMD2,396,401,,2.33,3.49,,YAG3,375,375,,5.67,5.67,,VRZAG62,321,332,337,1.82,2.48,1.70,YAG1,360,369,,3.17,1.54,,AWRI4,452,452,,2.67,2.67,
EXP000068,AWRI1,347,354,,1.38,3.33,,VVVMD2,393,393,,3.98,3.98,,YAG3,366,376,,6.76,12.19,,VRZAG62,321,336,,2.25,2.64,,YAG1,380,380,,0.71,0.71,,AWRI4,430,446,,0.71,0.89,
EXP000069,AWRI1,316,321,,2.43,1.93,,VVVMD2,397,401,,1.96,2.02,,YAG3,360,360,,7.01,7.01,,VRZAG62,313,326,,2.29,3.12,,YAG1,346,356,,4.47,2.05,,AWRI4,427,438,404,0.09,0.08,0.07
EXP000070,AWRI1,346,354,,1.34,2.42,,VVVMD2,398,398,,4.87,4.87,,YAG3,372,372,,10.11,10.11,,VRZAG62,321,327,,1.72,2.11,,YAG1,370,370,,6.20,6.20,,AWRI4,428,428,,1.58,1.58,
EXP000071,AWRI1,333,333,,2.55,2.55,,VVVMD2,397,397,,5.57,5.57,,YAG3,358,367,,7.19,7.94,,VRZAG62,329,331,322,1.02,1.29,0.93,YAG1,356,397,,1.48,0.90,,AWRI4,443,445,425,0.65,1.09,0.58
EXP000072,AWRI1,341,341,,0.74,0.74,,VVVMD2,399,399,,4.79,4.79,,YAG3,352,371,,5.00,8.22,,VRZAG62,328,331,,1.78,2.19,,YAG1,347,357,,1.54,5.75,,AWRI4,455,455,,3.49,3.49,
EXP000073,AWRI1,,,,,,,VVVMD2,400,400,,3.48,3.48,,YAG3,370,370,,6.67,6.67,,VRZAG62,322,329,,1.06,2.82,,YAG1,346,385,351,2.28,3.75,1.77,AWRI4,435,450,,0.14,0.29,
EXP000074,AWRI1,,,,,,,VVVMD2,401,407,,4.58,5.88,,YAG3,360,365,,10.36,12.12,,VRZAG62,325,331,,2.72,2.73,,YAG1,344,370,,1.79,1.26,,AWRI4,428,444,,2.02,3.43,
EXP000075,AWRI1,337,337,,1.99,1.99,,VVVMD2,403,403,,1.97,1.97,,YAG3,348,360,,6.79,10.42,,VRZAG62,315,329,314,1.91,3.82,1.37,YAG1,348,365,,2.31,1.45,,AWRI4,422,440,,1.10,2.59,
EXP000076,AWRI1,331,336,,1.67,1.47,,VVVMD2,396,412,,2.98,4.32,,YAG3,352,352,,8.34,8.34,,VRZAG62,335,335,,2.06,2.06,,YAG1,331,342,,4.25,6.10,,AWRI4,439,439,,0.06,0.06,
EXP000077,AWRI1,326,326,,0.84,0.84,,VVVMD2,396,396,,2.63,2.63,,YAG3,348,378,,8.66,8.19,,VRZAG62,335,335,,2.44,2.44,,YAG1,359,359,,5.05,5.05,,AWRI4,431,447,,0.37,0.72,
EXP000078,AWRI1,324,324,,2.74,2.74,,VVVMD2,392,401,387,6.31,5.22,2.81,YAG3,340,352,,6.17,8.04,,VRZAG62,318,333,330,2.79,3.01,2.48,YAG1,343,343,,12.76,12.76,,AWRI4,312,345,434,0.02,0.03,0.02
EXP000079,AWRI1,324,330,,2.71,1.99,,VVVMD2,390,398,,4.42,2.29,,YAG3,361,374,,6.81,11.10,,VRZAG62,317,328,334,1.56,2.48,1.43,YAG1,339,347,,2.91,1.39,,AWRI4,403,426,,0.36,0.25,
EXP000080,AWRI1,319,353,,2.45,2.80,,VVVMD2,399,399,,2.60,2.60,,YAG3,345,365,,5.24,6.86,,VRZAG62,320,320,,3.44,3.44,,YAG1,359,361,,1.68,2.68,,AWRI4,426,426,,1.18,1.18,
EXP000081,AWRI1,321,331,335,2.08,2.13,1.99,VVVMD2,393,400,,1.15,4.14,,YAG3,349,349,,9.38,9.38,,VRZAG62,314,331,312,1.70,2.77,1.29,YAG1,339,352,344,2.29,4.04,1.76,AWRI4,432,432,,0.05,0.05,
EXP000082,AWRI1,,,,,,,VVVMD2,403,403,,1.82,1.82,,YAG3,353,353,,6.71,6.71,,VRZAG62,334,334,,2.83,2.83,,YAG1,341,355,338,2.47,4.25,2.33,AWRI4,431,466,,0.83,1.06,
EXP000083,AWRI1,,,,,,,VVVMD2,403,403,,2.11,2.11,,YAG3,348,365,,3.93,5.27,,VRZAG62,329,329,,4.17,4.17,,YAG1,359,359,,3.66,3.66,,AWRI4,432,448,,0.54,0.92,
EXP000084,AWRI1,351,351,,0.05,0.05,,VVVMD2,,,,,,,YAG3,357,370,,3.81,16.26,,VRZAG62,322,327,,2.33,4.03,,YAG1,346,366,,1.85,10.34,,AWRI4,422,443,440,0.97,1.62,0.94
EXP000085,AWRI1,330,330,,0.36,0.36,,VVVMD2,395,398,,0.51,4.50,,YAG3,346,346,,5.14,5.14,,VRZAG62,328,339,,5.00,3.21,,YAG1,362,372,345,4.08,3.57,2.22,AWRI4,433,451,,0.51,0.48,
EXP000086,AWRI1,,,,,,,VVVMD2,394,396,,2.21,5.20,,YAG3,353,353,,17.52,17.52,,VRZAG62,328,328,,7.88,7.88,,YAG1,,,,,,,AWRI4,442,462,,2.04,2.64,
EXP000087,AWRI1,335,335,,0.63,0.63,,VVVMD2,394,394,,2.76,2.76,,YAG3,372,372,,16.80,16.80,,VRZAG62,326,326,,3.04,3.04,,YAG1,335,359,350,3.06,2.47,1.54,AWRI4,429,449,421,0.15,0.14,0.08
EXP000088,AWRI1,341,341,,0.08,0.08,,VVVMD2,396,396,,0.70,0.70,,YAG3,343,345,,3.99,6.73,,VRZAG62,318,318,,1.87,1.87,,YAG1,339,352,,8.06,2.77,,AWRI4,445,465,,0.46,0.47,
EXP000089,AWRI1,316,316,,0.03,0.03,,VVVMD2,411,411,,0.05,0.05,,YAG3,358,367,,8.62,10.17,,VRZAG62,302,321,,3.98,3.34,,YAG1,342,361,,1.88,1.59,,AWRI4,432,432,,0.24,0.24,
EXP000090,AWRI1,321,321,,0.05,0.05,,VVVMD2,,,,,,,YAG3,345,345,,8.29,8.29,,VRZAG62,301,320,,1.85,1.59,,YAG1,348,348,,1.65,1.65,,AWRI4,,,,,,
EXP000091,AWRI1,334,334,,0.51,0.51,,VVVMD2,,,,,,,YAG3,356,356,,0.29,0.29,,VRZAG62,319,323,311,1.75,1.51,1.32,YAG1,365,384,350,0.58,0.94,0.57,AWRI4,435,443,430,0.29,0.34,0.15
EXP000092,AWRI1,,,,,,,VVVMD2,,,,,,,YAG3,345,365,,5.40,7.56,,VRZAG62,327,335,,0.90,0.87,,YAG1,354,362,375,0.76,0.90,0.39,AWRI4,431,452,,0.26,0.15,
EXP000093,AWRI1,,,,,,,VVVMD2,398,398,,2.05,2.05,,YAG3,345,369,,2.71,8.54,,VRZAG62,324,328,,1.45,0.97,,YAG1,350,383,361,0.16,0.10,0.08,AWRI4,,,,,,
EXP000094,AWRI1,312,312,,0.05,0.05,,VVVMD2,405,405,,4.98,4.98,,YAG3,360,367,,3.72,5.80,,VRZAG62,331,331,,3.27,3.27,,YAG1,348,358,,2.66,7.07,,AWRI4,,,,,,
