EXP2000001,AWRI3,350,362,,4.18,3.37,,VVMD2,410,416,,1.17,1.34,,VRZAG64,441,464,,5.51,0.92,,YAG3,361,380,,3.17,5.08,,YAG1,363,363,,3.82,3.82,,AWRI4,,,,,,
EXP2000002,AWRI3,352,352,,5.13,5.13,,VVMD2,404,411,,1.63,1.85,,VRZAG64,442,442,,7.30,7.30,,YAG3,361,378,,3.18,3.81,,YAG1,367,367,,2.06,2.06,,AWRI4,426,443,,2.94,3.72,
EXP2000003,AWRI3,353,353,,6.15,6.15,,VVMD2,408,413,,0.79,0.85,,VRZAG64,441,441,,6.12,6.12,,YAG3,358,379,,6.42,22.81,,YAG1,362,368,380,3.38,2.46,1.26,AWRI4,432,448,,0.38,0.65,
EXP2000004,AWRI3,358,358,,2.55,2.55,,VVMD2,408,413,,0.45,0.39,,VRZAG64,457,457,,0.48,0.48,,YAG3,362,379,,9.81,13.27,,YAG1,366,366,,1.20,1.20,,AWRI4,425,440,423,1.24,2.29,0.67
EXP2000005,AWRI3,362,362,,0.67,0.67,,VVMD2,407,413,,0.16,0.13,,VRZAG64,452,452,,2.07,2.07,,YAG3,363,380,,7.11,7.35,,YAG1,370,370,,1.33,1.33,,AWRI4,426,441,,1.02,1.76,
EXP2000006,AWRI3,,,,,,,VVMD2,409,414,,0.22,0.22,,VRZAG64,446,446,,4.48,4.48,,YAG3,361,378,,5.92,7.73,,YAG1,369,369,,1.69,1.69,,AWRI4,430,445,,0.18,0.42,
EXP2000007,AWRI3,,,,,,,VVMD2,405,411,,1.40,1.36,,VRZAG64,449,450,,0.62,0.99,,YAG3,360,379,,3.39,12.55,,YAG1,363,369,380,2.60,1.60,0.96,AWRI4,431,446,,0.25,0.52,
EXP2000008,AWRI3,,,,,,,VVMD2,408,414,,0.04,0.04,,VRZAG64,455,455,,0.73,0.73,,YAG3,383,385,366,1.29,1.17,0.94,YAG1,372,372,,0.70,0.70,,AWRI4,424,440,,1.29,1.73,
EXP2000009,AWRI3,362,362,,1.80,1.80,,VVMD2,408,414,,0.34,0.28,,VRZAG64,433,433,,3.95,3.95,,YAG3,362,379,,1.53,1.55,,YAG1,368,368,,2.88,2.88,,AWRI4,430,444,,0.01,0.03,
EXP2000010,AWRI3,361,361,,0.96,0.96,,VVMD2,408,414,,0.48,0.42,,VRZAG64,445,445,,4.49,4.49,,YAG3,364,381,,6.35,6.83,,YAG1,363,363,,2.91,2.91,,AWRI4,422,438,,1.20,1.34,
EXP2000011,AWRI3,359,359,,0.31,0.31,,VVMD2,410,415,,0.35,0.31,,VRZAG64,448,455,,1.32,0.77,,YAG3,362,379,377,0.29,0.17,0.11,YAG1,373,373,,1.94,1.94,,AWRI4,434,450,,0.35,0.85,
EXP2000012,AWRI3,368,368,,0.24,0.24,,VVMD2,418,423,416,0.02,0.02,0.01,VRZAG64,456,456,,0.92,0.92,,YAG3,364,380,,4.26,6.56,,YAG1,375,375,,0.80,0.80,,AWRI4,431,447,,0.87,1.69,
EXP2000013,AWRI3,355,355,,4.58,4.58,,VVMD2,404,411,,1.75,1.82,,VRZAG64,438,461,,6.79,1.66,,YAG3,361,378,,7.39,12.57,,YAG1,368,368,,2.65,2.65,,AWRI4,435,450,,0.39,0.82,
EXP2000014,AWRI3,363,363,,0.67,0.67,,VVMD2,411,416,,0.33,0.27,,VRZAG64,456,456,,0.97,0.97,,YAG3,356,374,,8.63,10.16,,YAG1,375,375,,0.30,0.30,,AWRI4,427,444,,3.00,4.79,
EXP2000015,AWRI3,362,362,,1.44,1.44,,VVMD2,410,415,,0.16,0.13,,VRZAG64,457,457,,0.49,0.49,,YAG3,367,384,,2.06,2.43,,YAG1,372,372,,0.81,0.81,,AWRI4,434,449,,0.24,0.55,
EXP2000016,AWRI3,361,365,362,0.03,0.03,0.02,VVMD2,410,415,,0.15,0.09,,VRZAG64,456,456,,0.64,0.64,,YAG3,361,379,,7.61,8.51,,YAG1,373,373,,0.32,0.32,,AWRI4,422,437,,0.13,0.13,
EXP2000017,AWRI3,320,354,,3.72,3.55,,VVMD2,400,400,,2.13,2.13,,VRZAG64,429,444,,2.74,2.60,,YAG3,350,370,,11.95,12.91,,YAG1,309,355,,3.03,3.78,,AWRI4,433,447,,0.21,0.67,
EXP2000018,AWRI3,328,361,,1.31,1.45,,VVMD2,403,403,,0.43,0.43,,VRZAG64,458,478,,0.44,0.46,,YAG3,352,371,,0.24,0.32,,YAG1,317,362,,1.98,2.09,,AWRI4,432,432,,0.41,0.41,
EXP2000019,AWRI3,358,370,,1.86,1.58,,VVMD2,415,415,,5.65,5.65,,VRZAG64,454,467,327,2.75,1.79,1.45,YAG3,335,366,,2.71,8.11,,YAG1,386,399,349,4.38,3.84,2.75,AWRI4,,,,,,
EXP2000020,AWRI3,355,368,,1.47,1.23,,VVMD2,422,422,,1.02,1.02,,VRZAG64,424,451,428,2.11,3.56,1.90,YAG3,334,366,,2.71,3.10,,YAG1,347,376,,3.35,2.65,,AWRI4,431,447,,0.81,1.13,
EXP2000021,AWRI3,329,329,,1.43,1.43,,VVMD2,419,419,,1.02,1.02,,VRZAG64,425,425,,3.21,3.21,,YAG3,352,357,,6.46,5.77,,YAG1,359,378,390,0.78,1.42,0.52,AWRI4,421,438,,1.60,1.84,
EXP2000022,AWRI3,319,319,,0.69,0.69,,VVMD2,415,415,,3.50,3.50,,VRZAG64,415,429,440,3.32,6.60,2.81,YAG3,354,363,,7.81,10.38,,YAG1,353,375,336,4.65,4.75,2.55,AWRI4,429,445,,0.89,1.46,
EXP2000023,AWRI3,336,342,,2.19,1.79,,VVMD2,415,415,,1.53,1.53,,VRZAG64,428,437,420,1.76,3.23,1.30,YAG3,363,370,379,7.11,4.53,3.51,YAG1,362,381,,1.34,3.57,,AWRI4,436,455,,0.42,0.47,
EXP2000024,AWRI3,332,338,325,2.52,2.06,1.38,VVMD2,488,488,,0.19,0.19,,VRZAG64,318,484,,1.11,2.58,,YAG3,344,380,,5.55,6.59,,YAG1,358,381,394,2.47,3.81,2.19,AWRI4,433,450,,0.88,1.49,
EXP2000025,AWRI3,363,363,,0.74,0.74,,VVMD2,409,426,403,2.25,1.22,0.96,VRZAG64,421,440,470,3.21,4.38,1.82,YAG3,370,370,,6.91,6.91,,YAG1,375,375,,5.09,5.09,,AWRI4,453,486,442,0.37,0.27,0.22
EXP2000026,AWRI3,361,361,,0.70,0.70,,VVMD2,411,425,,0.29,0.33,,VRZAG64,424,448,,3.28,2.19,,YAG3,356,356,,25.11,25.11,,YAG1,375,375,,6.65,6.65,,AWRI4,427,446,,4.22,5.51,
EXP2000027,AWRI3,354,362,,0.13,0.28,,VVMD2,410,424,403,0.71,0.37,0.35,VRZAG64,427,450,,2.87,1.99,,YAG3,374,379,390,9.65,9.27,4.94,YAG1,370,370,,6.50,6.50,,AWRI4,422,442,,1.17,2.39,
EXP2000028,AWRI3,360,360,,0.43,0.43,,VVMD2,414,423,,0.46,0.52,,VRZAG64,421,443,,3.48,3.05,,YAG3,368,373,385,11.05,11.07,5.65,YAG1,359,371,,3.17,4.46,,AWRI4,419,438,425,1.62,2.86,1.17
EXP2000029,AWRI3,359,359,,0.94,0.94,,VVMD2,,,,,,,VRZAG64,419,436,,3.99,9.84,,YAG3,378,378,,5.96,5.96,,YAG1,355,367,,6.42,10.26,,AWRI4,424,441,,1.80,1.90,
EXP2000030,AWRI3,358,358,,2.43,2.43,,VVMD2,409,417,,2.53,3.93,,VRZAG64,414,431,,4.06,9.99,,YAG3,333,359,,2.34,3.92,,YAG1,353,364,,2.85,9.26,,AWRI4,425,442,,1.34,1.39,
EXP2000031,AWRI3,361,361,,0.92,0.92,,VVMD2,400,418,,5.58,6.13,,VRZAG64,420,437,427,2.35,4.64,1.19,YAG3,335,362,,2.19,9.11,,YAG1,361,383,,2.58,5.83,,AWRI4,428,443,426,0.59,1.16,0.37
EXP2000032,AWRI3,356,356,,1.46,1.46,,VVMD2,401,418,,7.26,2.68,,VRZAG64,419,441,,1.59,4.07,,YAG3,333,359,,2.73,11.82,,YAG1,358,370,,2.98,4.31,,AWRI4,428,444,,0.85,1.01,
EXP2000033,AWRI3,359,359,,1.40,1.40,,VVMD2,409,420,393,3.89,4.60,2.94,VRZAG64,417,417,,4.09,4.09,,YAG3,332,358,,2.16,10.03,,YAG1,341,376,387,1.92,2.72,1.88,AWRI4,425,439,421,0.83,1.65,0.72
EXP2000034,AWRI3,358,358,,0.91,0.91,,VVMD2,390,418,,6.54,10.92,,VRZAG64,423,430,,2.01,4.96,,YAG3,334,361,,3.70,14.38,,YAG1,340,376,387,2.66,2.97,2.10,AWRI4,407,536,423,0.13,0.20,0.10
EXP2000035,AWRI3,354,354,,3.19,3.19,,VVMD2,396,422,,2.31,6.23,,VRZAG64,419,503,,4.85,0.89,,YAG3,336,362,,1.44,6.24,,YAG1,379,389,340,2.63,1.93,1.55,AWRI4,406,535,429,0.43,0.59,0.34
EXP2000036,AWRI3,354,354,,3.29,3.29,,VVMD2,400,421,,1.84,4.85,,VRZAG64,427,514,,5.75,0.57,,YAG3,331,357,,1.80,7.95,,YAG1,350,385,,0.80,0.72,,AWRI4,408,537,424,0.12,0.16,0.09
EXP2000037,AWRI3,354,354,,3.18,3.18,,VVMD2,402,420,400,1.84,3.14,1.18,VRZAG64,425,436,,1.72,3.99,,YAG3,335,362,,2.72,10.79,,YAG1,345,379,392,1.84,3.36,1.57,AWRI4,408,431,424,0.04,0.04,0.03
EXP2000038,AWRI3,320,327,,5.21,3.84,,VVMD2,386,386,,13.13,13.13,,VRZAG64,,,,,,,YAG3,349,349,,32.39,32.39,,YAG1,,,,,,,AWRI4,325,474,344,0.03,0.04,0.02
EXP2000039,AWRI3,362,362,,1.23,1.23,,VVMD2,391,399,,2.69,3.00,,VRZAG64,440,455,,0.33,0.24,,YAG3,354,362,375,10.53,6.82,4.24,YAG1,344,379,,1.09,0.97,,AWRI4,417,417,,3.85,3.85,
EXP2000040,AWRI3,357,357,,2.03,2.03,,VVMD2,390,399,397,1.29,1.59,1.16,VRZAG64,430,445,,3.25,3.58,,YAG3,356,356,,17.62,17.62,,YAG1,343,379,,1.77,1.15,,AWRI4,399,440,406,0.02,0.03,0.02
EXP2000041,AWRI3,353,366,,4.06,3.53,,VVMD2,389,413,,2.52,2.40,,VRZAG64,429,458,,15.63,2.01,,YAG3,360,367,,10.72,13.50,,YAG1,339,356,374,7.96,5.96,5.49,AWRI4,400,440,501,0.02,0.02,0.02
EXP2000042,AWRI3,355,370,,3.09,2.73,,VVMD2,395,418,,1.28,0.99,,VRZAG64,420,420,,9.41,9.41,,YAG3,358,358,,24.89,24.89,,YAG1,345,363,378,3.79,4.45,1.92,AWRI4,434,434,,0.54,0.54,
EXP2000043,AWRI3,351,370,,5.19,1.84,,VVMD2,392,420,,1.49,1.27,,VRZAG64,426,445,424,1.24,1.60,0.85,YAG3,358,364,376,3.57,4.86,1.90,YAG1,345,371,382,0.32,0.21,0.15,AWRI4,422,431,446,0.64,0.70,0.35
EXP2000044,AWRI3,356,371,,1.93,1.62,,VVMD2,395,417,,0.62,0.55,,VRZAG64,449,449,,0.98,0.98,,YAG3,332,375,,2.83,10.92,,YAG1,369,371,353,2.11,2.52,2.09,AWRI4,418,430,521,1.43,0.96,0.62
EXP2000045,AWRI3,362,362,,0.75,0.75,,VVMD2,392,419,,2.57,2.48,,VRZAG64,415,432,441,2.46,3.57,1.62,YAG3,333,360,,3.96,5.11,,YAG1,325,363,375,2.14,3.16,2.08,AWRI4,428,438,450,0.09,0.15,0.07
EXP2000046,AWRI3,359,359,,0.96,0.96,,VVMD2,394,421,,1.12,1.09,,VRZAG64,423,444,,2.74,2.13,,YAG3,335,360,,6.33,9.96,,YAG1,339,365,377,3.22,2.36,1.33,AWRI4,424,437,528,0.43,0.37,0.19
EXP2000047,AWRI3,328,357,335,2.27,3.11,1.24,VVMD2,425,425,,1.20,1.20,,VRZAG64,431,443,435,1.23,2.45,0.93,YAG3,362,367,378,4.55,4.18,2.62,YAG1,319,365,,1.52,1.43,,AWRI4,428,441,453,0.35,0.38,0.20
EXP2000048,AWRI3,326,357,324,1.67,3.16,1.08,VVMD2,410,410,,1.34,1.34,,VRZAG64,430,443,323,2.07,2.15,1.65,YAG3,355,364,376,8.29,9.17,4.48,YAG1,368,380,357,2.33,3.90,2.08,AWRI4,436,447,406,0.03,0.05,0.02
EXP2000049,AWRI3,335,362,,0.35,0.19,,VVMD2,315,429,396,0.03,0.06,0.03,VRZAG64,440,454,,0.97,0.62,,YAG3,330,357,,2.03,9.87,,YAG1,366,376,,0.44,0.39,,AWRI4,434,434,,0.54,0.54,
EXP2000050,AWRI3,330,330,,1.47,1.47,,VVMD2,415,415,,1.21,1.21,,VRZAG64,427,427,,2.90,2.90,,YAG3,335,360,,9.76,13.93,,YAG1,,,,,,,AWRI4,,,,,,
EXP2000051,AWRI3,374,374,,1.54,1.54,,VVMD2,385,412,419,4.14,4.69,4.14,VRZAG64,322,439,422,3.41,5.55,2.46,YAG3,334,359,,2.76,11.48,,YAG1,369,390,343,6.03,3.32,2.97,AWRI4,428,444,,1.05,1.71,
EXP2000052,AWRI3,374,374,,1.02,1.02,,VVMD2,383,409,,4.84,6.62,,VRZAG64,318,420,442,3.26,4.22,3.21,YAG3,364,364,,15.83,15.83,,YAG1,382,394,349,2.59,1.66,1.22,AWRI4,420,433,524,0.98,0.63,0.45
EXP2000053,AWRI3,373,373,,0.75,0.75,,VVMD2,388,413,384,4.06,7.02,2.82,VRZAG64,418,439,317,6.13,5.38,4.10,YAG3,360,366,,13.02,14.84,,YAG1,345,373,,5.22,4.87,,AWRI4,416,428,397,1.99,1.48,0.74
EXP2000054,AWRI3,361,361,,0.92,0.92,,VVMD2,389,415,402,9.10,7.44,3.91,VRZAG64,428,452,,1.61,0.86,,YAG3,359,359,,13.48,13.48,,YAG1,374,374,,4.78,4.78,,AWRI4,422,434,523,0.30,0.19,0.13
EXP2000055,AWRI3,361,361,,0.58,0.58,,VVMD2,393,406,,3.89,9.41,,VRZAG64,424,448,,2.05,1.50,,YAG3,364,364,,7.37,7.37,,YAG1,376,376,,4.48,4.48,,AWRI4,427,444,,0.84,0.96,
EXP2000056,AWRI3,354,354,,0.71,0.71,,VVMD2,450,450,,0.15,0.15,,VRZAG64,420,451,324,3.36,3.78,2.47,YAG3,361,367,,8.61,7.42,,YAG1,371,382,392,5.51,3.22,2.38,AWRI4,428,445,,0.79,0.90,
EXP2000057,AWRI3,360,360,,0.97,0.97,,VVMD2,396,420,409,3.10,5.39,2.51,VRZAG64,315,435,,2.13,7.15,,YAG3,330,361,,3.83,10.80,,YAG1,371,381,390,4.42,2.72,1.69,AWRI4,426,442,423,0.88,1.32,0.57
EXP2000058,AWRI3,359,359,,0.51,0.51,,VVMD2,396,418,,6.04,7.61,,VRZAG64,423,447,,2.76,1.74,,YAG3,333,364,377,6.54,10.25,3.28,YAG1,372,372,,5.96,5.96,,AWRI4,427,443,426,1.13,1.99,0.62
EXP2000059,AWRI3,350,374,,5.75,1.17,,VVMD2,396,423,,1.77,9.83,,VRZAG64,422,440,430,1.63,2.91,1.48,YAG3,366,368,381,3.07,3.63,2.63,YAG1,376,395,386,3.16,1.76,1.51,AWRI4,431,442,,0.49,1.83,
EXP2000060,AWRI3,349,355,,1.76,3.61,,VVMD2,418,424,404,2.90,3.12,2.41,VRZAG64,426,446,431,2.01,2.47,1.69,YAG3,335,366,,2.35,8.98,,YAG1,378,387,398,4.32,2.50,1.40,AWRI4,429,446,,0.54,1.77,
EXP2000061,AWRI3,352,360,,0.67,1.65,,VVMD2,398,412,,2.98,6.85,,VRZAG64,424,442,328,2.92,3.79,2.67,YAG3,335,366,,2.68,3.81,,YAG1,376,387,397,4.42,2.35,1.54,AWRI4,432,448,,0.55,0.92,
EXP2000062,AWRI3,344,350,,2.12,7.04,,VVMD2,384,396,,9.43,5.53,,VRZAG64,305,305,,4.73,4.73,,YAG3,357,371,,10.52,18.13,,YAG1,318,329,346,4.83,4.74,3.45,AWRI4,434,450,,0.60,1.00,
EXP2000063,AWRI3,347,354,,2.20,4.10,,VVMD2,397,399,,1.72,3.18,,VRZAG64,430,435,,0.87,0.58,,YAG3,358,362,,6.20,6.53,,YAG1,344,352,,1.24,1.32,,AWRI4,425,443,,0.65,1.96,
EXP2000064,AWRI3,346,356,,1.45,2.57,,VVMD2,391,400,,1.26,3.67,,VRZAG64,423,430,,3.89,3.50,,YAG3,361,361,,3.39,3.39,,YAG1,340,349,,2.73,2.74,,AWRI4,425,443,,1.72,1.66,
EXP2000065,AWRI3,352,352,,4.90,4.90,,VVMD2,391,391,,9.21,9.21,,VRZAG64,318,440,,2.63,7.40,,YAG3,367,378,,1.95,3.10,,YAG1,354,354,,8.47,8.47,,AWRI4,419,437,,3.16,2.98,
EXP2000066,AWRI3,336,359,,1.81,1.45,,VVMD2,401,420,,3.86,3.91,,VRZAG64,419,429,,4.42,5.17,,YAG3,364,375,,10.81,15.41,,YAG1,366,393,,0.45,0.43,,AWRI4,427,443,,1.20,1.64,
EXP2000067,AWRI3,350,358,371,3.28,2.44,1.36,VVMD2,396,401,,2.33,3.49,,VRZAG64,441,451,,2.59,0.96,,YAG3,331,375,,1.52,5.67,,YAG1,360,369,,3.17,1.54,,AWRI4,452,452,,2.67,2.67,
EXP2000068,AWRI3,347,354,,1.38,3.33,,VVMD2,393,416,413,3.98,2.39,2.07,VRZAG64,428,448,,2.59,2.11,,YAG3,366,376,,6.76,12.19,,YAG1,380,380,,0.71,0.71,,AWRI4,430,446,,0.71,0.89,
EXP2000069,AWRI3,316,321,,2.43,1.93,,VVMD2,397,421,,1.96,4.58,,VRZAG64,439,453,,4.44,0.90,,YAG3,317,360,374,3.77,7.01,2.04,YAG1,346,356,,4.47,2.05,,AWRI4,427,438,404,0.09,0.08,0.07
EXP2000070,AWRI3,346,354,,1.34,2.42,,VVMD2,398,416,414,4.87,3.99,2.25,VRZAG64,428,449,426,2.40,2.82,1.50,YAG3,329,372,,2.79,10.11,,YAG1,370,370,,6.20,6.20,,AWRI4,428,428,,1.58,1.58,
EXP2000071,AWRI3,333,358,,2.55,2.42,,VVMD2,397,413,,5.57,2.33,,VRZAG64,424,437,323,1.93,3.68,1.43,YAG3,358,367,,7.19,7.94,,YAG1,356,397,,1.48,0.90,,AWRI4,443,445,425,0.65,1.09,0.58
EXP2000072,AWRI3,341,377,,0.74,0.41,,VVMD2,399,399,,4.79,4.79,,VRZAG64,423,428,321,2.28,1.99,1.97,YAG3,352,371,,5.00,8.22,,YAG1,347,357,,1.54,5.75,,AWRI4,455,455,,3.49,3.49,
EXP2000073,AWRI3,360,360,,1.38,1.38,,VVMD2,400,400,,3.48,3.48,,VRZAG64,428,450,,2.10,1.66,,YAG3,331,370,,4.45,6.67,,YAG1,346,385,351,2.28,3.75,1.77,AWRI4,435,450,,0.14,0.29,
EXP2000074,AWRI3,367,367,,1.64,1.64,,VVMD2,401,407,,4.58,5.88,,VRZAG64,425,425,,5.56,5.56,,YAG3,360,365,,10.36,12.12,,YAG1,344,370,,1.79,1.26,,AWRI4,428,444,,2.02,3.43,
EXP2000075,AWRI3,337,337,,1.99,1.99,,VVMD2,403,403,,1.97,1.97,,VRZAG64,441,448,318,2.51,1.63,1.30,YAG3,348,360,,6.79,10.42,,YAG1,348,365,,2.31,1.45,,AWRI4,422,440,,1.10,2.59,
EXP2000076,AWRI3,331,336,374,1.67,1.47,0.79,VVMD2,396,412,,2.98,4.32,,VRZAG64,424,444,,4.55,4.85,,YAG3,336,352,,6.68,8.34,,YAG1,331,342,,4.25,6.10,,AWRI4,496,496,,0.87,0.87,
EXP2000077,AWRI3,326,374,,0.84,0.81,,VVMD2,396,396,,2.63,2.63,,VRZAG64,425,425,,5.69,5.69,,YAG3,348,378,,8.66,8.19,,YAG1,359,359,,5.05,5.05,,AWRI4,431,447,,0.37,0.72,
EXP2000078,AWRI3,324,324,,2.74,2.74,,VVMD2,392,401,387,6.31,5.22,2.81,VRZAG64,313,434,,1.90,8.11,,YAG3,340,352,,6.17,8.04,,YAG1,343,343,,12.76,12.76,,AWRI4,312,345,434,0.02,0.03,0.02
EXP2000079,AWRI3,324,330,,2.71,1.99,,VVMD2,390,414,398,4.42,3.10,2.29,VRZAG64,297,403,,1.03,4.89,,YAG3,361,374,,6.81,11.10,,YAG1,339,347,,2.91,1.39,,AWRI4,403,426,,0.36,0.25,
EXP2000080,AWRI3,319,353,,2.45,2.80,,VVMD2,399,399,,2.60,2.60,,VRZAG64,434,449,,0.98,0.75,,YAG3,345,365,,5.24,6.86,,YAG1,314,361,359,3.98,2.68,1.68,AWRI4,426,426,,1.18,1.18,
EXP2000081,AWRI3,321,331,335,2.08,2.13,1.99,VVMD2,393,400,,1.15,4.14,,VRZAG64,439,445,335,1.90,1.55,1.05,YAG3,330,349,,2.76,9.38,,YAG1,339,352,344,2.29,4.04,1.76,AWRI4,432,432,,0.05,0.05,
EXP2000082,AWRI3,377,377,,0.22,0.22,,VVMD2,403,403,,1.82,1.82,,VRZAG64,330,438,,3.01,6.31,,YAG3,336,353,,5.14,6.71,,YAG1,341,355,338,2.47,4.25,2.33,AWRI4,431,466,,0.83,1.06,
EXP2000083,AWRI3,377,377,,0.40,0.40,,VVMD2,403,403,,2.11,2.11,,VRZAG64,426,449,429,1.02,1.62,1.01,YAG3,348,365,,3.93,5.27,,YAG1,359,359,,3.66,3.66,,AWRI4,432,448,,0.54,0.92,
EXP2000084,AWRI3,351,351,,0.05,0.05,,VVMD2,415,420,,2.52,2.73,,VRZAG64,424,436,,1.76,4.03,,YAG3,357,370,,3.81,16.26,,YAG1,366,408,,10.34,3.09,,AWRI4,422,443,440,0.97,1.62,0.94
EXP2000085,AWRI3,330,330,,0.36,0.36,,VVMD2,395,398,,0.51,4.50,,VRZAG64,330,339,,3.64,2.78,,YAG3,346,346,,5.14,5.14,,YAG1,362,372,322,4.08,3.57,2.65,AWRI4,433,451,,0.51,0.48,
EXP2000086,AWRI3,431,431,,0.01,0.01,,VVMD2,394,396,,2.21,5.20,,VRZAG64,257,264,,1.27,1.14,,YAG3,353,353,,17.52,17.52,,YAG1,,,,,,,AWRI4,442,462,,2.04,2.64,
EXP2000087,AWRI3,335,335,,0.63,0.63,,VVMD2,394,394,,2.76,2.76,,VRZAG64,418,428,331,2.67,4.14,2.04,YAG3,372,372,,16.80,16.80,,YAG1,335,359,350,3.06,2.47,1.54,AWRI4,490,490,,3.80,3.80,
EXP2000088,AWRI3,341,341,,0.08,0.08,,VVMD2,396,396,,0.70,0.70,,VRZAG64,422,445,,2.97,2.32,,YAG3,343,345,,3.99,6.73,,YAG1,339,352,,8.06,2.77,,AWRI4,445,465,,0.46,0.47,
EXP2000089,AWRI3,316,316,,0.03,0.03,,VVMD2,418,418,,0.35,0.35,,VRZAG64,417,417,,9.54,9.54,,YAG3,358,367,,8.62,10.17,,YAG1,342,361,,1.88,1.59,,AWRI4,432,432,,0.24,0.24,
EXP2000090,AWRI3,321,440,,0.05,0.01,,VVMD2,413,413,,3.45,3.45,,VRZAG64,414,426,,3.68,4.67,,YAG3,345,345,,8.29,8.29,,YAG1,348,348,,1.65,1.65,,AWRI4,540,540,,0.13,0.13,
EXP2000091,AWRI3,334,334,,0.51,0.51,,VVMD2,,,,,,,VRZAG64,320,446,309,2.07,3.61,1.56,YAG3,316,356,,0.21,0.29,,YAG1,365,384,350,0.58,0.94,0.57,AWRI4,435,443,430,0.29,0.34,0.15
EXP2000092,AWRI3,,,,,,,VVMD2,,,,,,,VRZAG64,321,439,,1.49,5.11,,YAG3,345,365,,5.40,7.56,,YAG1,354,362,375,0.76,0.90,0.39,AWRI4,431,452,,0.26,0.15,
EXP2000093,AWRI3,391,391,,0.12,0.12,,VVMD2,398,398,,2.05,2.05,,VRZAG64,419,425,329,2.43,1.75,1.39,YAG3,345,369,,2.71,8.54,,YAG1,350,383,361,0.16,0.10,0.08,AWRI4,,,,,,
EXP2000094,AWRI3,359,359,,0.49,0.49,,VVMD2,405,414,,4.98,3.80,,VRZAG64,327,342,,2.99,4.90,,YAG3,360,367,,3.72,5.80,,YAG1,348,358,,2.66,7.07,,AWRI4,,,,,,
